20
37
285.714 243 5 5 4 anguille_adulte
310 809 52 6 5 lucioperca
740 189 533 8 5 abrassis
985.714 32 103 9 6 anguille_jeune
1000 704 655 10 7 gibbosus
428.571 18 276 12 8 syngnattrus
128.571 214 144 14 9 potatt
842.857 213 385 18 10 gobius
595.714 628 213 19 11 boverie
248.571 391 4 0 20 gasterosteus
724.286 729 333 21 13 crangon
152.857 587 44 23 14 pataemcrete
500 364 238 24 15 nysis
690 555 571 25 18 salinus
560 815 219 30 20 cephalus_jeune
740 80 414 35 25 cerastodem
750 374 531 100 28 zooplankton
1000 13 656 200 30 detritus
1000 382 655 250 32 phytoplankton
700 814 533 300 50 zostera
0 5 31.25
0 8 22.875
0 10 35
0 12 14
1 5 45
1 7 0
1 8 17
1 10 29
2 15 24
2 17 50
2 12 62.5
3 11 17
3 12 26
4 9 34
4 10 46
4 8 43
4 7 0
5 17 28.125
5 12 47
6 12 55.75
6 13 27
7 12 19
7 13 38
8 12 20
8 13 33.125
9 13 41
10 12 18
10 16 31
11 16 27.5
12 17 32
12 16 42
13 16 50.125
13 17 50
14 16 64
14 19 29
15 17 42
16 18 58.375
